{
 "cells": [
  {
   "cell_type": "markdown",
   "metadata": {},
   "source": [
    "# Understand trained STM models"
   ]
  },
  {
   "cell_type": "code",
   "execution_count": 1,
   "metadata": {},
   "outputs": [
    {
     "name": "stderr",
     "output_type": "stream",
     "text": [
      "stm v1.3.4 successfully loaded. See ?stm for help. \n",
      " Papers, resources, and other materials at structuraltopicmodel.com\n",
      "\n"
     ]
    }
   ],
   "source": [
    "library('stm')"
   ]
  },
  {
   "cell_type": "code",
   "execution_count": 2,
   "metadata": {
    "scrolled": true
   },
   "outputs": [
    {
     "data": {
      "text/plain": [
       "Topic 1 Top Words:\n",
       " \t Highest Prob: look, smile, nod, turn, gave, sigh, laugh, ask, shook, took \n",
       " \t FREX: nod, grin, smile, sigh, shrug, chuckl, shook, laugh, spoke, smirk \n",
       " \t Lift: gratifi, pipe, wink, whoop, holler, hiccup, pout, giggl, snicker, hey \n",
       " \t Score: look, nod, smile, sigh, shook, grin, laugh, gave, shrug, chuckl \n",
       "Topic 2 Top Words:\n",
       " \t Highest Prob: said, ask, think, repli, know, look, mean, agre, took, put \n",
       " \t FREX: said, ask, repli, mean, suggest, agre, point, repeat, think, protest \n",
       " \t Lift: wager, said, clarifi, neither, ask, echo, exchang, counter, either, daresay \n",
       " \t Score: said, ask, wager, repli, think, mean, agre, shrug, suggest, mutter \n",
       "Topic 3 Top Words:\n",
       " \t Highest Prob: knew, felt, thought, found, saw, heard, rememb, watch, see, took \n",
       " \t FREX: knew, saw, felt, heard, found, rememb, realiz, woke, thought, notic \n",
       " \t Lift: smelt, overcam, reopen, awok, saw, woke, knew, heard, found, understood \n",
       " \t Score: felt, knew, saw, thought, found, heard, smelt, rememb, realiz, wonder \n",
       "Topic 4 Top Words:\n",
       " \t Highest Prob: tell, know, kill, hate, believ, need, trust, hurt, die, save \n",
       " \t FREX: kill, die, defeat, save, trust, betray, destroy, protect, attack, murder \n",
       " \t Lift: muck, vanquish, defeat, kill, keeper, dead, destroy, sacrif, traitor, die \n",
       " \t Score: kill, tell, die, hate, muck, know, trust, save, believ, defeat \n",
       "Topic 5 Top Words:\n",
       " \t Highest Prob: say, know, think, look, take, ask, feel, see, give, tell \n",
       " \t FREX: say, shake, sit, goe, take, catch, stand, hear, begin, add \n",
       " \t Lift: trigger, goe, add, sniff, huff, say, stuff, shake, honest, can \n",
       " \t Score: say, trigger, know, feel, goe, think, take, look, add, sit \n",
       "Topic 6 Top Words:\n",
       " \t Highest Prob: love, left, come, leav, gone, see, take, find, taken, bring \n",
       " \t FREX: without, gone, love, visit, son, man, taught, disappear, taken, born \n",
       " \t Lift: molest, elf, lrb, husband, bless, young, babi, divorc, disown, belov \n",
       " \t Score: love, molest, left, come, gone, leav, taken, bring, without, given \n",
       "Topic 7 Top Words:\n",
       " \t Highest Prob: pull, kiss, push, move, reach, around, let, press, lean, whisper \n",
       " \t FREX: moan, thrust, lick, arch, whimper, stroke, slid, suck, pant, fuck \n",
       " \t Lift: scissor, suckl, mewl, cum, cant, impal, reposit, tongu, lap, buck \n",
       " \t Score: pull, kiss, moan, fuck, push, scissor, insid, lick, slid, press \n",
       "Topic 8 Top Words:\n",
       " \t Highest Prob: manag, snap, caught, made, stare, ignor, decid, tri, blink, turn \n",
       " \t FREX: sneer, scowl, note, snarl, snap, regard, glare, strode, stalk, summon \n",
       " \t Lift: hurtl, sneer, thunder, seeth, glower, harrumph, fume, level, bristl, inton \n",
       " \t Score: hurtl, snap, mutter, manag, hiss, scowl, blink, demand, sneer, snarl \n",
       "Topic 9 Top Words:\n",
       " \t Highest Prob: told, like, got, ask, get, call, talk, seem, start, went \n",
       " \t FREX: told, date, mention, marri, introduc, invit, wrote, friend, fanci, talk \n",
       " \t Lift: promot, cousin, prank, babysit, date, girlfriend, guy, girl, boyfriend, tag \n",
       " \t Score: told, like, promot, got, call, ask, get, talk, marri, date \n",
       "Topic 10 Top Words:\n",
       " \t Highest Prob: want, feel, need, know, tri, think, thought, care, stop, like \n",
       " \t FREX: want, care, imagin, feel, touch, wish, expect, meant, need, hope \n",
       " \t Lift: disrob, want, fantasis, delud, panic, vulner, crave, humili, lust, care \n",
       " \t Score: want, feel, disrob, thought, need, care, touch, know, tri, felt "
      ]
     },
     "metadata": {},
     "output_type": "display_data"
    }
   ],
   "source": [
    "# Load trained model\n",
    "num_topics <- 10\n",
    "max_iters <- 50\n",
    "min_df <- 100\n",
    "covariates <- 'gender+rel_type'\n",
    "do_stem <- TRUE\n",
    "path <- sprintf('/projects/fanfiction_gender_roles/models/hp_stm_%s_%dtopics_%dit_%dmindf.rds', covariates, num_topics, max_iters, min_df)\n",
    "model <- readRDS(path)\n",
    "labelTopics(model, n=10) # top words for each topic"
   ]
  },
  {
   "cell_type": "code",
   "execution_count": 3,
   "metadata": {},
   "outputs": [
    {
     "name": "stdout",
     "output_type": "stream",
     "text": [
      "Building corpus... \n",
      "Converting to Lower Case... \n",
      "Removing punctuation... \n",
      "Removing stopwords... \n",
      "Removing numbers... \n",
      "Stemming... \n",
      "Creating Output... \n",
      "Removing 14233 of 16698 terms (134015 of 5734739 tokens) due to frequency \n",
      "Removing 1674 Documents with No Words \n",
      "Your corpus now has 262633 documents, 2465 terms and 5600724 tokens.[1] 262633\n",
      "[1] 262633\n"
     ]
    }
   ],
   "source": [
    "# Load documents\n",
    "# data <- read.csv('/data/fanfiction_gender_roles/harrypotter_ao3/complete_en_1k-50k/output/character_gender_features.csv')\n",
    "data <- read.csv('/data/fanfiction_gender_roles/harrypotter_ao3/complete_en_1k-50k/output/character_relationship_features.csv')\n",
    "processed <- textProcessor(data$character_features, stem=do_stem, metadata=data)\n",
    "out <- prepDocuments(processed$documents, processed$vocab, processed$meta, lower.thresh=min_df)\n",
    "print(nrow(out$meta))\n",
    "print(model$settings$dim$N)"
   ]
  },
  {
   "cell_type": "markdown",
   "metadata": {},
   "source": [
    "## Save out documents-topic proportion matrix"
   ]
  },
  {
   "cell_type": "code",
   "execution_count": 5,
   "metadata": {
    "scrolled": true
   },
   "outputs": [
    {
     "data": {
      "text/html": [
       "<table>\n",
       "<caption>A matrix: 262633 × 10 of type dbl</caption>\n",
       "<tbody>\n",
       "\t<tr><td>0.05641055</td><td>0.031856272</td><td>0.06433951</td><td>0.119679897</td><td>0.06601688</td><td>0.42351853</td><td>0.032110312</td><td>0.04715552</td><td>0.08645402</td><td>0.07245851</td></tr>\n",
       "\t<tr><td>0.21669677</td><td>0.062705329</td><td>0.10345370</td><td>0.035561360</td><td>0.03156800</td><td>0.06631406</td><td>0.244738227</td><td>0.12999578</td><td>0.04949880</td><td>0.05946797</td></tr>\n",
       "\t<tr><td>0.15099250</td><td>0.104656977</td><td>0.12411151</td><td>0.021223168</td><td>0.01979318</td><td>0.04916968</td><td>0.283912949</td><td>0.09816421</td><td>0.11554555</td><td>0.03243028</td></tr>\n",
       "\t<tr><td>0.12873656</td><td>0.055819380</td><td>0.03667513</td><td>0.018143953</td><td>0.06255932</td><td>0.04883275</td><td>0.491629696</td><td>0.04974627</td><td>0.05918542</td><td>0.04867151</td></tr>\n",
       "\t<tr><td>0.32025060</td><td>0.250503345</td><td>0.04530995</td><td>0.038447990</td><td>0.04276151</td><td>0.07564658</td><td>0.049165076</td><td>0.05805209</td><td>0.09331577</td><td>0.02654709</td></tr>\n",
       "\t<tr><td>0.24096126</td><td>0.452480848</td><td>0.04635492</td><td>0.021738191</td><td>0.02135458</td><td>0.03979923</td><td>0.034127765</td><td>0.04156357</td><td>0.07395393</td><td>0.02766572</td></tr>\n",
       "\t<tr><td>0.14210730</td><td>0.079668625</td><td>0.09171673</td><td>0.093782712</td><td>0.07604547</td><td>0.13517810</td><td>0.052455731</td><td>0.15792995</td><td>0.11950672</td><td>0.05160866</td></tr>\n",
       "\t<tr><td>0.04148558</td><td>0.248279285</td><td>0.23185267</td><td>0.037839732</td><td>0.09607037</td><td>0.02673232</td><td>0.098102971</td><td>0.03108429</td><td>0.06619841</td><td>0.12235437</td></tr>\n",
       "\t<tr><td>0.13094046</td><td>0.404012912</td><td>0.03317774</td><td>0.040162843</td><td>0.03902153</td><td>0.03533876</td><td>0.021142231</td><td>0.03836938</td><td>0.17160705</td><td>0.08622709</td></tr>\n",
       "\t<tr><td>0.17480485</td><td>0.560394294</td><td>0.01589830</td><td>0.008256733</td><td>0.04811378</td><td>0.02142900</td><td>0.046095260</td><td>0.02788005</td><td>0.07984841</td><td>0.01727932</td></tr>\n",
       "\t<tr><td>0.07209554</td><td>0.638685760</td><td>0.02484016</td><td>0.070588997</td><td>0.02098372</td><td>0.04181839</td><td>0.016355318</td><td>0.03138565</td><td>0.05291612</td><td>0.03033035</td></tr>\n",
       "\t<tr><td>0.07600807</td><td>0.040424621</td><td>0.08217459</td><td>0.307034359</td><td>0.05546215</td><td>0.18769219</td><td>0.024996518</td><td>0.05185404</td><td>0.13016588</td><td>0.04418758</td></tr>\n",
       "\t<tr><td>0.22970896</td><td>0.064398339</td><td>0.10993282</td><td>0.159096166</td><td>0.04298655</td><td>0.12811741</td><td>0.035521272</td><td>0.07063760</td><td>0.12020829</td><td>0.03939260</td></tr>\n",
       "\t<tr><td>0.50117499</td><td>0.103400859</td><td>0.06039412</td><td>0.017391527</td><td>0.01769764</td><td>0.03874586</td><td>0.023661025</td><td>0.14110426</td><td>0.07980781</td><td>0.01662191</td></tr>\n",
       "\t<tr><td>0.40596976</td><td>0.019854004</td><td>0.08806006</td><td>0.045437815</td><td>0.04167656</td><td>0.08130160</td><td>0.120107180</td><td>0.11354712</td><td>0.04413252</td><td>0.03991339</td></tr>\n",
       "\t<tr><td>0.38684078</td><td>0.023608147</td><td>0.08841026</td><td>0.048590094</td><td>0.02892057</td><td>0.10559596</td><td>0.171638437</td><td>0.08079012</td><td>0.03654588</td><td>0.02905975</td></tr>\n",
       "\t<tr><td>0.29275455</td><td>0.067493608</td><td>0.17794591</td><td>0.047697241</td><td>0.03015406</td><td>0.12893971</td><td>0.048563062</td><td>0.07087446</td><td>0.09721518</td><td>0.03836221</td></tr>\n",
       "\t<tr><td>0.12778172</td><td>0.076323995</td><td>0.08578157</td><td>0.074098227</td><td>0.09320526</td><td>0.21976987</td><td>0.048165470</td><td>0.07155380</td><td>0.15003562</td><td>0.05328447</td></tr>\n",
       "\t<tr><td>0.21736305</td><td>0.107861231</td><td>0.08197286</td><td>0.074878940</td><td>0.06819212</td><td>0.11854083</td><td>0.052979053</td><td>0.10103092</td><td>0.13196286</td><td>0.04521812</td></tr>\n",
       "\t<tr><td>0.17181831</td><td>0.089430870</td><td>0.08462450</td><td>0.075539385</td><td>0.07973391</td><td>0.12262434</td><td>0.070390343</td><td>0.14166918</td><td>0.11629177</td><td>0.04787740</td></tr>\n",
       "\t<tr><td>0.10828215</td><td>0.046309777</td><td>0.05250232</td><td>0.054265593</td><td>0.28118500</td><td>0.10781302</td><td>0.090796439</td><td>0.09216517</td><td>0.12230983</td><td>0.04437070</td></tr>\n",
       "\t<tr><td>0.27834375</td><td>0.036296294</td><td>0.05620322</td><td>0.072481372</td><td>0.02745027</td><td>0.05955320</td><td>0.169920960</td><td>0.21376669</td><td>0.04186259</td><td>0.04412165</td></tr>\n",
       "\t<tr><td>0.18109346</td><td>0.086361653</td><td>0.08227841</td><td>0.065756365</td><td>0.05997867</td><td>0.10652241</td><td>0.050962621</td><td>0.22240837</td><td>0.10434519</td><td>0.04029287</td></tr>\n",
       "\t<tr><td>0.13720853</td><td>0.077336042</td><td>0.18553040</td><td>0.081950642</td><td>0.05986944</td><td>0.13123446</td><td>0.052670664</td><td>0.10510729</td><td>0.11529065</td><td>0.05380189</td></tr>\n",
       "\t<tr><td>0.16497324</td><td>0.098088039</td><td>0.08487283</td><td>0.061718225</td><td>0.09457191</td><td>0.11661204</td><td>0.053891031</td><td>0.13679411</td><td>0.13909033</td><td>0.04938825</td></tr>\n",
       "\t<tr><td>0.03763752</td><td>0.017141788</td><td>0.02292978</td><td>0.080735346</td><td>0.60707991</td><td>0.05194361</td><td>0.014931806</td><td>0.06859258</td><td>0.06094671</td><td>0.03806095</td></tr>\n",
       "\t<tr><td>0.02547510</td><td>0.012851364</td><td>0.01757444</td><td>0.053221314</td><td>0.71678357</td><td>0.05359233</td><td>0.019996004</td><td>0.02633624</td><td>0.04185806</td><td>0.03231158</td></tr>\n",
       "\t<tr><td>0.01780739</td><td>0.009154757</td><td>0.01008012</td><td>0.017213171</td><td>0.84249844</td><td>0.03004894</td><td>0.009044058</td><td>0.01234153</td><td>0.03657737</td><td>0.01523423</td></tr>\n",
       "\t<tr><td>0.12781278</td><td>0.076170163</td><td>0.08349069</td><td>0.073295157</td><td>0.11014937</td><td>0.20315738</td><td>0.049392179</td><td>0.07142232</td><td>0.15037173</td><td>0.05473823</td></tr>\n",
       "\t<tr><td>0.16031135</td><td>0.083502350</td><td>0.05797998</td><td>0.056614054</td><td>0.17751564</td><td>0.10554263</td><td>0.037518653</td><td>0.06481279</td><td>0.21235896</td><td>0.04384360</td></tr>\n",
       "\t<tr><td>⋮</td><td>⋮</td><td>⋮</td><td>⋮</td><td>⋮</td><td>⋮</td><td>⋮</td><td>⋮</td><td>⋮</td><td>⋮</td></tr>\n",
       "\t<tr><td>0.02749165</td><td>0.01940129</td><td>0.28677963</td><td>0.10175874</td><td>0.03528603</td><td>0.15962633</td><td>0.01597682</td><td>0.08148440</td><td>0.12205508</td><td>0.15014002</td></tr>\n",
       "\t<tr><td>0.08460923</td><td>0.04809589</td><td>0.10340858</td><td>0.07081417</td><td>0.08703059</td><td>0.20377269</td><td>0.05537968</td><td>0.06136951</td><td>0.22784537</td><td>0.05767429</td></tr>\n",
       "\t<tr><td>0.11606190</td><td>0.07290961</td><td>0.08425475</td><td>0.15821807</td><td>0.10547181</td><td>0.14418036</td><td>0.04311209</td><td>0.07136956</td><td>0.14188677</td><td>0.06253509</td></tr>\n",
       "\t<tr><td>0.11440062</td><td>0.05444741</td><td>0.18355113</td><td>0.05401825</td><td>0.05242145</td><td>0.19725989</td><td>0.10940838</td><td>0.09852552</td><td>0.05381586</td><td>0.08215149</td></tr>\n",
       "\t<tr><td>0.09853618</td><td>0.05625272</td><td>0.07410351</td><td>0.11347184</td><td>0.07705673</td><td>0.25030236</td><td>0.03685728</td><td>0.07437678</td><td>0.17088227</td><td>0.04816033</td></tr>\n",
       "\t<tr><td>0.12703102</td><td>0.07090271</td><td>0.08559430</td><td>0.09631693</td><td>0.08512427</td><td>0.20685221</td><td>0.04780496</td><td>0.08778593</td><td>0.14048697</td><td>0.05210070</td></tr>\n",
       "\t<tr><td>0.12626311</td><td>0.07900264</td><td>0.09246962</td><td>0.13135775</td><td>0.09560347</td><td>0.15200816</td><td>0.04520170</td><td>0.07316803</td><td>0.14982828</td><td>0.05509723</td></tr>\n",
       "\t<tr><td>0.08450960</td><td>0.03467251</td><td>0.31448516</td><td>0.11153775</td><td>0.01572282</td><td>0.07696126</td><td>0.12176690</td><td>0.07198777</td><td>0.04977494</td><td>0.11858129</td></tr>\n",
       "\t<tr><td>0.14087252</td><td>0.08984299</td><td>0.08916188</td><td>0.06902537</td><td>0.09394115</td><td>0.13115411</td><td>0.04865593</td><td>0.07634498</td><td>0.19300466</td><td>0.06799640</td></tr>\n",
       "\t<tr><td>0.09735338</td><td>0.04575559</td><td>0.07978998</td><td>0.10854616</td><td>0.11315222</td><td>0.18531942</td><td>0.15925941</td><td>0.08149314</td><td>0.07890160</td><td>0.05042911</td></tr>\n",
       "\t<tr><td>0.09921722</td><td>0.05715462</td><td>0.07356638</td><td>0.13306226</td><td>0.08326780</td><td>0.22102713</td><td>0.04157716</td><td>0.07010625</td><td>0.17093472</td><td>0.05008647</td></tr>\n",
       "\t<tr><td>0.21508239</td><td>0.09599952</td><td>0.09685982</td><td>0.07522146</td><td>0.07090463</td><td>0.12254568</td><td>0.05409799</td><td>0.09927992</td><td>0.12344933</td><td>0.04655927</td></tr>\n",
       "\t<tr><td>0.21081036</td><td>0.08783537</td><td>0.07287756</td><td>0.06325304</td><td>0.05392947</td><td>0.10157650</td><td>0.04561987</td><td>0.17806926</td><td>0.14834237</td><td>0.03768619</td></tr>\n",
       "\t<tr><td>0.16118374</td><td>0.08547227</td><td>0.08586191</td><td>0.07410910</td><td>0.06602802</td><td>0.11727701</td><td>0.05245351</td><td>0.20032808</td><td>0.11286487</td><td>0.04442149</td></tr>\n",
       "\t<tr><td>0.07131161</td><td>0.04254378</td><td>0.46757516</td><td>0.06988410</td><td>0.01871039</td><td>0.15717928</td><td>0.02179043</td><td>0.04669113</td><td>0.07363549</td><td>0.03067863</td></tr>\n",
       "\t<tr><td>0.13662693</td><td>0.06125236</td><td>0.15178512</td><td>0.04549716</td><td>0.06974308</td><td>0.09568217</td><td>0.17462534</td><td>0.10080448</td><td>0.07319565</td><td>0.09078770</td></tr>\n",
       "\t<tr><td>0.21467092</td><td>0.10080045</td><td>0.09981718</td><td>0.03852222</td><td>0.06227245</td><td>0.07843174</td><td>0.15338157</td><td>0.10425239</td><td>0.07492128</td><td>0.07292980</td></tr>\n",
       "\t<tr><td>0.20431061</td><td>0.15422086</td><td>0.09665898</td><td>0.08321492</td><td>0.07565891</td><td>0.01929881</td><td>0.06705371</td><td>0.21229171</td><td>0.04438329</td><td>0.04290819</td></tr>\n",
       "\t<tr><td>0.19265502</td><td>0.14802464</td><td>0.03242083</td><td>0.13356766</td><td>0.07882806</td><td>0.03060345</td><td>0.08416125</td><td>0.17993828</td><td>0.07373723</td><td>0.04606358</td></tr>\n",
       "\t<tr><td>0.10454458</td><td>0.09401410</td><td>0.10436704</td><td>0.05660986</td><td>0.04942529</td><td>0.12042658</td><td>0.26194000</td><td>0.06934248</td><td>0.07096980</td><td>0.06836027</td></tr>\n",
       "\t<tr><td>0.04418689</td><td>0.06750629</td><td>0.14502620</td><td>0.01888469</td><td>0.01543978</td><td>0.08849898</td><td>0.52027914</td><td>0.02210730</td><td>0.02496055</td><td>0.05311019</td></tr>\n",
       "\t<tr><td>0.10064703</td><td>0.30007592</td><td>0.10770954</td><td>0.02931913</td><td>0.02049879</td><td>0.07588777</td><td>0.03858630</td><td>0.02646672</td><td>0.25267530</td><td>0.04813350</td></tr>\n",
       "\t<tr><td>0.21679839</td><td>0.28733151</td><td>0.06658230</td><td>0.04128069</td><td>0.03232715</td><td>0.06784421</td><td>0.08566736</td><td>0.07784235</td><td>0.09120055</td><td>0.03312550</td></tr>\n",
       "\t<tr><td>0.19041821</td><td>0.06872299</td><td>0.23538910</td><td>0.04864235</td><td>0.08784132</td><td>0.09186169</td><td>0.03749704</td><td>0.05228111</td><td>0.15054115</td><td>0.03680504</td></tr>\n",
       "\t<tr><td>0.14862052</td><td>0.08214404</td><td>0.05085178</td><td>0.06211369</td><td>0.11106016</td><td>0.05432839</td><td>0.02435863</td><td>0.09927789</td><td>0.29347288</td><td>0.07377202</td></tr>\n",
       "\t<tr><td>0.04392106</td><td>0.02741280</td><td>0.04434077</td><td>0.37997789</td><td>0.10038564</td><td>0.13909244</td><td>0.02194908</td><td>0.06715049</td><td>0.11948990</td><td>0.05627994</td></tr>\n",
       "\t<tr><td>0.05133721</td><td>0.02672810</td><td>0.03593908</td><td>0.05835793</td><td>0.23416224</td><td>0.05247365</td><td>0.33994319</td><td>0.07912455</td><td>0.03356081</td><td>0.08837325</td></tr>\n",
       "\t<tr><td>0.08979448</td><td>0.03886059</td><td>0.07142543</td><td>0.05601882</td><td>0.23092353</td><td>0.14890262</td><td>0.12845615</td><td>0.06158441</td><td>0.08759258</td><td>0.08644139</td></tr>\n",
       "\t<tr><td>0.03489018</td><td>0.01689911</td><td>0.02760541</td><td>0.14082366</td><td>0.35347108</td><td>0.08335775</td><td>0.19248366</td><td>0.04322805</td><td>0.07272337</td><td>0.03451771</td></tr>\n",
       "\t<tr><td>0.14007598</td><td>0.08043640</td><td>0.08222199</td><td>0.08888058</td><td>0.08660151</td><td>0.15309326</td><td>0.04597897</td><td>0.08924460</td><td>0.18221000</td><td>0.05125670</td></tr>\n",
       "</tbody>\n",
       "</table>\n"
      ],
      "text/latex": [
       "A matrix: 262633 × 10 of type dbl\n",
       "\\begin{tabular}{llllllllll}\n",
       "\t 0.05641055 & 0.031856272 & 0.06433951 & 0.119679897 & 0.06601688 & 0.42351853 & 0.032110312 & 0.04715552 & 0.08645402 & 0.07245851\\\\\n",
       "\t 0.21669677 & 0.062705329 & 0.10345370 & 0.035561360 & 0.03156800 & 0.06631406 & 0.244738227 & 0.12999578 & 0.04949880 & 0.05946797\\\\\n",
       "\t 0.15099250 & 0.104656977 & 0.12411151 & 0.021223168 & 0.01979318 & 0.04916968 & 0.283912949 & 0.09816421 & 0.11554555 & 0.03243028\\\\\n",
       "\t 0.12873656 & 0.055819380 & 0.03667513 & 0.018143953 & 0.06255932 & 0.04883275 & 0.491629696 & 0.04974627 & 0.05918542 & 0.04867151\\\\\n",
       "\t 0.32025060 & 0.250503345 & 0.04530995 & 0.038447990 & 0.04276151 & 0.07564658 & 0.049165076 & 0.05805209 & 0.09331577 & 0.02654709\\\\\n",
       "\t 0.24096126 & 0.452480848 & 0.04635492 & 0.021738191 & 0.02135458 & 0.03979923 & 0.034127765 & 0.04156357 & 0.07395393 & 0.02766572\\\\\n",
       "\t 0.14210730 & 0.079668625 & 0.09171673 & 0.093782712 & 0.07604547 & 0.13517810 & 0.052455731 & 0.15792995 & 0.11950672 & 0.05160866\\\\\n",
       "\t 0.04148558 & 0.248279285 & 0.23185267 & 0.037839732 & 0.09607037 & 0.02673232 & 0.098102971 & 0.03108429 & 0.06619841 & 0.12235437\\\\\n",
       "\t 0.13094046 & 0.404012912 & 0.03317774 & 0.040162843 & 0.03902153 & 0.03533876 & 0.021142231 & 0.03836938 & 0.17160705 & 0.08622709\\\\\n",
       "\t 0.17480485 & 0.560394294 & 0.01589830 & 0.008256733 & 0.04811378 & 0.02142900 & 0.046095260 & 0.02788005 & 0.07984841 & 0.01727932\\\\\n",
       "\t 0.07209554 & 0.638685760 & 0.02484016 & 0.070588997 & 0.02098372 & 0.04181839 & 0.016355318 & 0.03138565 & 0.05291612 & 0.03033035\\\\\n",
       "\t 0.07600807 & 0.040424621 & 0.08217459 & 0.307034359 & 0.05546215 & 0.18769219 & 0.024996518 & 0.05185404 & 0.13016588 & 0.04418758\\\\\n",
       "\t 0.22970896 & 0.064398339 & 0.10993282 & 0.159096166 & 0.04298655 & 0.12811741 & 0.035521272 & 0.07063760 & 0.12020829 & 0.03939260\\\\\n",
       "\t 0.50117499 & 0.103400859 & 0.06039412 & 0.017391527 & 0.01769764 & 0.03874586 & 0.023661025 & 0.14110426 & 0.07980781 & 0.01662191\\\\\n",
       "\t 0.40596976 & 0.019854004 & 0.08806006 & 0.045437815 & 0.04167656 & 0.08130160 & 0.120107180 & 0.11354712 & 0.04413252 & 0.03991339\\\\\n",
       "\t 0.38684078 & 0.023608147 & 0.08841026 & 0.048590094 & 0.02892057 & 0.10559596 & 0.171638437 & 0.08079012 & 0.03654588 & 0.02905975\\\\\n",
       "\t 0.29275455 & 0.067493608 & 0.17794591 & 0.047697241 & 0.03015406 & 0.12893971 & 0.048563062 & 0.07087446 & 0.09721518 & 0.03836221\\\\\n",
       "\t 0.12778172 & 0.076323995 & 0.08578157 & 0.074098227 & 0.09320526 & 0.21976987 & 0.048165470 & 0.07155380 & 0.15003562 & 0.05328447\\\\\n",
       "\t 0.21736305 & 0.107861231 & 0.08197286 & 0.074878940 & 0.06819212 & 0.11854083 & 0.052979053 & 0.10103092 & 0.13196286 & 0.04521812\\\\\n",
       "\t 0.17181831 & 0.089430870 & 0.08462450 & 0.075539385 & 0.07973391 & 0.12262434 & 0.070390343 & 0.14166918 & 0.11629177 & 0.04787740\\\\\n",
       "\t 0.10828215 & 0.046309777 & 0.05250232 & 0.054265593 & 0.28118500 & 0.10781302 & 0.090796439 & 0.09216517 & 0.12230983 & 0.04437070\\\\\n",
       "\t 0.27834375 & 0.036296294 & 0.05620322 & 0.072481372 & 0.02745027 & 0.05955320 & 0.169920960 & 0.21376669 & 0.04186259 & 0.04412165\\\\\n",
       "\t 0.18109346 & 0.086361653 & 0.08227841 & 0.065756365 & 0.05997867 & 0.10652241 & 0.050962621 & 0.22240837 & 0.10434519 & 0.04029287\\\\\n",
       "\t 0.13720853 & 0.077336042 & 0.18553040 & 0.081950642 & 0.05986944 & 0.13123446 & 0.052670664 & 0.10510729 & 0.11529065 & 0.05380189\\\\\n",
       "\t 0.16497324 & 0.098088039 & 0.08487283 & 0.061718225 & 0.09457191 & 0.11661204 & 0.053891031 & 0.13679411 & 0.13909033 & 0.04938825\\\\\n",
       "\t 0.03763752 & 0.017141788 & 0.02292978 & 0.080735346 & 0.60707991 & 0.05194361 & 0.014931806 & 0.06859258 & 0.06094671 & 0.03806095\\\\\n",
       "\t 0.02547510 & 0.012851364 & 0.01757444 & 0.053221314 & 0.71678357 & 0.05359233 & 0.019996004 & 0.02633624 & 0.04185806 & 0.03231158\\\\\n",
       "\t 0.01780739 & 0.009154757 & 0.01008012 & 0.017213171 & 0.84249844 & 0.03004894 & 0.009044058 & 0.01234153 & 0.03657737 & 0.01523423\\\\\n",
       "\t 0.12781278 & 0.076170163 & 0.08349069 & 0.073295157 & 0.11014937 & 0.20315738 & 0.049392179 & 0.07142232 & 0.15037173 & 0.05473823\\\\\n",
       "\t 0.16031135 & 0.083502350 & 0.05797998 & 0.056614054 & 0.17751564 & 0.10554263 & 0.037518653 & 0.06481279 & 0.21235896 & 0.04384360\\\\\n",
       "\t ⋮ & ⋮ & ⋮ & ⋮ & ⋮ & ⋮ & ⋮ & ⋮ & ⋮ & ⋮\\\\\n",
       "\t 0.02749165 & 0.01940129 & 0.28677963 & 0.10175874 & 0.03528603 & 0.15962633 & 0.01597682 & 0.08148440 & 0.12205508 & 0.15014002\\\\\n",
       "\t 0.08460923 & 0.04809589 & 0.10340858 & 0.07081417 & 0.08703059 & 0.20377269 & 0.05537968 & 0.06136951 & 0.22784537 & 0.05767429\\\\\n",
       "\t 0.11606190 & 0.07290961 & 0.08425475 & 0.15821807 & 0.10547181 & 0.14418036 & 0.04311209 & 0.07136956 & 0.14188677 & 0.06253509\\\\\n",
       "\t 0.11440062 & 0.05444741 & 0.18355113 & 0.05401825 & 0.05242145 & 0.19725989 & 0.10940838 & 0.09852552 & 0.05381586 & 0.08215149\\\\\n",
       "\t 0.09853618 & 0.05625272 & 0.07410351 & 0.11347184 & 0.07705673 & 0.25030236 & 0.03685728 & 0.07437678 & 0.17088227 & 0.04816033\\\\\n",
       "\t 0.12703102 & 0.07090271 & 0.08559430 & 0.09631693 & 0.08512427 & 0.20685221 & 0.04780496 & 0.08778593 & 0.14048697 & 0.05210070\\\\\n",
       "\t 0.12626311 & 0.07900264 & 0.09246962 & 0.13135775 & 0.09560347 & 0.15200816 & 0.04520170 & 0.07316803 & 0.14982828 & 0.05509723\\\\\n",
       "\t 0.08450960 & 0.03467251 & 0.31448516 & 0.11153775 & 0.01572282 & 0.07696126 & 0.12176690 & 0.07198777 & 0.04977494 & 0.11858129\\\\\n",
       "\t 0.14087252 & 0.08984299 & 0.08916188 & 0.06902537 & 0.09394115 & 0.13115411 & 0.04865593 & 0.07634498 & 0.19300466 & 0.06799640\\\\\n",
       "\t 0.09735338 & 0.04575559 & 0.07978998 & 0.10854616 & 0.11315222 & 0.18531942 & 0.15925941 & 0.08149314 & 0.07890160 & 0.05042911\\\\\n",
       "\t 0.09921722 & 0.05715462 & 0.07356638 & 0.13306226 & 0.08326780 & 0.22102713 & 0.04157716 & 0.07010625 & 0.17093472 & 0.05008647\\\\\n",
       "\t 0.21508239 & 0.09599952 & 0.09685982 & 0.07522146 & 0.07090463 & 0.12254568 & 0.05409799 & 0.09927992 & 0.12344933 & 0.04655927\\\\\n",
       "\t 0.21081036 & 0.08783537 & 0.07287756 & 0.06325304 & 0.05392947 & 0.10157650 & 0.04561987 & 0.17806926 & 0.14834237 & 0.03768619\\\\\n",
       "\t 0.16118374 & 0.08547227 & 0.08586191 & 0.07410910 & 0.06602802 & 0.11727701 & 0.05245351 & 0.20032808 & 0.11286487 & 0.04442149\\\\\n",
       "\t 0.07131161 & 0.04254378 & 0.46757516 & 0.06988410 & 0.01871039 & 0.15717928 & 0.02179043 & 0.04669113 & 0.07363549 & 0.03067863\\\\\n",
       "\t 0.13662693 & 0.06125236 & 0.15178512 & 0.04549716 & 0.06974308 & 0.09568217 & 0.17462534 & 0.10080448 & 0.07319565 & 0.09078770\\\\\n",
       "\t 0.21467092 & 0.10080045 & 0.09981718 & 0.03852222 & 0.06227245 & 0.07843174 & 0.15338157 & 0.10425239 & 0.07492128 & 0.07292980\\\\\n",
       "\t 0.20431061 & 0.15422086 & 0.09665898 & 0.08321492 & 0.07565891 & 0.01929881 & 0.06705371 & 0.21229171 & 0.04438329 & 0.04290819\\\\\n",
       "\t 0.19265502 & 0.14802464 & 0.03242083 & 0.13356766 & 0.07882806 & 0.03060345 & 0.08416125 & 0.17993828 & 0.07373723 & 0.04606358\\\\\n",
       "\t 0.10454458 & 0.09401410 & 0.10436704 & 0.05660986 & 0.04942529 & 0.12042658 & 0.26194000 & 0.06934248 & 0.07096980 & 0.06836027\\\\\n",
       "\t 0.04418689 & 0.06750629 & 0.14502620 & 0.01888469 & 0.01543978 & 0.08849898 & 0.52027914 & 0.02210730 & 0.02496055 & 0.05311019\\\\\n",
       "\t 0.10064703 & 0.30007592 & 0.10770954 & 0.02931913 & 0.02049879 & 0.07588777 & 0.03858630 & 0.02646672 & 0.25267530 & 0.04813350\\\\\n",
       "\t 0.21679839 & 0.28733151 & 0.06658230 & 0.04128069 & 0.03232715 & 0.06784421 & 0.08566736 & 0.07784235 & 0.09120055 & 0.03312550\\\\\n",
       "\t 0.19041821 & 0.06872299 & 0.23538910 & 0.04864235 & 0.08784132 & 0.09186169 & 0.03749704 & 0.05228111 & 0.15054115 & 0.03680504\\\\\n",
       "\t 0.14862052 & 0.08214404 & 0.05085178 & 0.06211369 & 0.11106016 & 0.05432839 & 0.02435863 & 0.09927789 & 0.29347288 & 0.07377202\\\\\n",
       "\t 0.04392106 & 0.02741280 & 0.04434077 & 0.37997789 & 0.10038564 & 0.13909244 & 0.02194908 & 0.06715049 & 0.11948990 & 0.05627994\\\\\n",
       "\t 0.05133721 & 0.02672810 & 0.03593908 & 0.05835793 & 0.23416224 & 0.05247365 & 0.33994319 & 0.07912455 & 0.03356081 & 0.08837325\\\\\n",
       "\t 0.08979448 & 0.03886059 & 0.07142543 & 0.05601882 & 0.23092353 & 0.14890262 & 0.12845615 & 0.06158441 & 0.08759258 & 0.08644139\\\\\n",
       "\t 0.03489018 & 0.01689911 & 0.02760541 & 0.14082366 & 0.35347108 & 0.08335775 & 0.19248366 & 0.04322805 & 0.07272337 & 0.03451771\\\\\n",
       "\t 0.14007598 & 0.08043640 & 0.08222199 & 0.08888058 & 0.08660151 & 0.15309326 & 0.04597897 & 0.08924460 & 0.18221000 & 0.05125670\\\\\n",
       "\\end{tabular}\n"
      ],
      "text/markdown": [
       "\n",
       "A matrix: 262633 × 10 of type dbl\n",
       "\n",
       "| 0.05641055 | 0.031856272 | 0.06433951 | 0.119679897 | 0.06601688 | 0.42351853 | 0.032110312 | 0.04715552 | 0.08645402 | 0.07245851 |\n",
       "| 0.21669677 | 0.062705329 | 0.10345370 | 0.035561360 | 0.03156800 | 0.06631406 | 0.244738227 | 0.12999578 | 0.04949880 | 0.05946797 |\n",
       "| 0.15099250 | 0.104656977 | 0.12411151 | 0.021223168 | 0.01979318 | 0.04916968 | 0.283912949 | 0.09816421 | 0.11554555 | 0.03243028 |\n",
       "| 0.12873656 | 0.055819380 | 0.03667513 | 0.018143953 | 0.06255932 | 0.04883275 | 0.491629696 | 0.04974627 | 0.05918542 | 0.04867151 |\n",
       "| 0.32025060 | 0.250503345 | 0.04530995 | 0.038447990 | 0.04276151 | 0.07564658 | 0.049165076 | 0.05805209 | 0.09331577 | 0.02654709 |\n",
       "| 0.24096126 | 0.452480848 | 0.04635492 | 0.021738191 | 0.02135458 | 0.03979923 | 0.034127765 | 0.04156357 | 0.07395393 | 0.02766572 |\n",
       "| 0.14210730 | 0.079668625 | 0.09171673 | 0.093782712 | 0.07604547 | 0.13517810 | 0.052455731 | 0.15792995 | 0.11950672 | 0.05160866 |\n",
       "| 0.04148558 | 0.248279285 | 0.23185267 | 0.037839732 | 0.09607037 | 0.02673232 | 0.098102971 | 0.03108429 | 0.06619841 | 0.12235437 |\n",
       "| 0.13094046 | 0.404012912 | 0.03317774 | 0.040162843 | 0.03902153 | 0.03533876 | 0.021142231 | 0.03836938 | 0.17160705 | 0.08622709 |\n",
       "| 0.17480485 | 0.560394294 | 0.01589830 | 0.008256733 | 0.04811378 | 0.02142900 | 0.046095260 | 0.02788005 | 0.07984841 | 0.01727932 |\n",
       "| 0.07209554 | 0.638685760 | 0.02484016 | 0.070588997 | 0.02098372 | 0.04181839 | 0.016355318 | 0.03138565 | 0.05291612 | 0.03033035 |\n",
       "| 0.07600807 | 0.040424621 | 0.08217459 | 0.307034359 | 0.05546215 | 0.18769219 | 0.024996518 | 0.05185404 | 0.13016588 | 0.04418758 |\n",
       "| 0.22970896 | 0.064398339 | 0.10993282 | 0.159096166 | 0.04298655 | 0.12811741 | 0.035521272 | 0.07063760 | 0.12020829 | 0.03939260 |\n",
       "| 0.50117499 | 0.103400859 | 0.06039412 | 0.017391527 | 0.01769764 | 0.03874586 | 0.023661025 | 0.14110426 | 0.07980781 | 0.01662191 |\n",
       "| 0.40596976 | 0.019854004 | 0.08806006 | 0.045437815 | 0.04167656 | 0.08130160 | 0.120107180 | 0.11354712 | 0.04413252 | 0.03991339 |\n",
       "| 0.38684078 | 0.023608147 | 0.08841026 | 0.048590094 | 0.02892057 | 0.10559596 | 0.171638437 | 0.08079012 | 0.03654588 | 0.02905975 |\n",
       "| 0.29275455 | 0.067493608 | 0.17794591 | 0.047697241 | 0.03015406 | 0.12893971 | 0.048563062 | 0.07087446 | 0.09721518 | 0.03836221 |\n",
       "| 0.12778172 | 0.076323995 | 0.08578157 | 0.074098227 | 0.09320526 | 0.21976987 | 0.048165470 | 0.07155380 | 0.15003562 | 0.05328447 |\n",
       "| 0.21736305 | 0.107861231 | 0.08197286 | 0.074878940 | 0.06819212 | 0.11854083 | 0.052979053 | 0.10103092 | 0.13196286 | 0.04521812 |\n",
       "| 0.17181831 | 0.089430870 | 0.08462450 | 0.075539385 | 0.07973391 | 0.12262434 | 0.070390343 | 0.14166918 | 0.11629177 | 0.04787740 |\n",
       "| 0.10828215 | 0.046309777 | 0.05250232 | 0.054265593 | 0.28118500 | 0.10781302 | 0.090796439 | 0.09216517 | 0.12230983 | 0.04437070 |\n",
       "| 0.27834375 | 0.036296294 | 0.05620322 | 0.072481372 | 0.02745027 | 0.05955320 | 0.169920960 | 0.21376669 | 0.04186259 | 0.04412165 |\n",
       "| 0.18109346 | 0.086361653 | 0.08227841 | 0.065756365 | 0.05997867 | 0.10652241 | 0.050962621 | 0.22240837 | 0.10434519 | 0.04029287 |\n",
       "| 0.13720853 | 0.077336042 | 0.18553040 | 0.081950642 | 0.05986944 | 0.13123446 | 0.052670664 | 0.10510729 | 0.11529065 | 0.05380189 |\n",
       "| 0.16497324 | 0.098088039 | 0.08487283 | 0.061718225 | 0.09457191 | 0.11661204 | 0.053891031 | 0.13679411 | 0.13909033 | 0.04938825 |\n",
       "| 0.03763752 | 0.017141788 | 0.02292978 | 0.080735346 | 0.60707991 | 0.05194361 | 0.014931806 | 0.06859258 | 0.06094671 | 0.03806095 |\n",
       "| 0.02547510 | 0.012851364 | 0.01757444 | 0.053221314 | 0.71678357 | 0.05359233 | 0.019996004 | 0.02633624 | 0.04185806 | 0.03231158 |\n",
       "| 0.01780739 | 0.009154757 | 0.01008012 | 0.017213171 | 0.84249844 | 0.03004894 | 0.009044058 | 0.01234153 | 0.03657737 | 0.01523423 |\n",
       "| 0.12781278 | 0.076170163 | 0.08349069 | 0.073295157 | 0.11014937 | 0.20315738 | 0.049392179 | 0.07142232 | 0.15037173 | 0.05473823 |\n",
       "| 0.16031135 | 0.083502350 | 0.05797998 | 0.056614054 | 0.17751564 | 0.10554263 | 0.037518653 | 0.06481279 | 0.21235896 | 0.04384360 |\n",
       "| ⋮ | ⋮ | ⋮ | ⋮ | ⋮ | ⋮ | ⋮ | ⋮ | ⋮ | ⋮ |\n",
       "| 0.02749165 | 0.01940129 | 0.28677963 | 0.10175874 | 0.03528603 | 0.15962633 | 0.01597682 | 0.08148440 | 0.12205508 | 0.15014002 |\n",
       "| 0.08460923 | 0.04809589 | 0.10340858 | 0.07081417 | 0.08703059 | 0.20377269 | 0.05537968 | 0.06136951 | 0.22784537 | 0.05767429 |\n",
       "| 0.11606190 | 0.07290961 | 0.08425475 | 0.15821807 | 0.10547181 | 0.14418036 | 0.04311209 | 0.07136956 | 0.14188677 | 0.06253509 |\n",
       "| 0.11440062 | 0.05444741 | 0.18355113 | 0.05401825 | 0.05242145 | 0.19725989 | 0.10940838 | 0.09852552 | 0.05381586 | 0.08215149 |\n",
       "| 0.09853618 | 0.05625272 | 0.07410351 | 0.11347184 | 0.07705673 | 0.25030236 | 0.03685728 | 0.07437678 | 0.17088227 | 0.04816033 |\n",
       "| 0.12703102 | 0.07090271 | 0.08559430 | 0.09631693 | 0.08512427 | 0.20685221 | 0.04780496 | 0.08778593 | 0.14048697 | 0.05210070 |\n",
       "| 0.12626311 | 0.07900264 | 0.09246962 | 0.13135775 | 0.09560347 | 0.15200816 | 0.04520170 | 0.07316803 | 0.14982828 | 0.05509723 |\n",
       "| 0.08450960 | 0.03467251 | 0.31448516 | 0.11153775 | 0.01572282 | 0.07696126 | 0.12176690 | 0.07198777 | 0.04977494 | 0.11858129 |\n",
       "| 0.14087252 | 0.08984299 | 0.08916188 | 0.06902537 | 0.09394115 | 0.13115411 | 0.04865593 | 0.07634498 | 0.19300466 | 0.06799640 |\n",
       "| 0.09735338 | 0.04575559 | 0.07978998 | 0.10854616 | 0.11315222 | 0.18531942 | 0.15925941 | 0.08149314 | 0.07890160 | 0.05042911 |\n",
       "| 0.09921722 | 0.05715462 | 0.07356638 | 0.13306226 | 0.08326780 | 0.22102713 | 0.04157716 | 0.07010625 | 0.17093472 | 0.05008647 |\n",
       "| 0.21508239 | 0.09599952 | 0.09685982 | 0.07522146 | 0.07090463 | 0.12254568 | 0.05409799 | 0.09927992 | 0.12344933 | 0.04655927 |\n",
       "| 0.21081036 | 0.08783537 | 0.07287756 | 0.06325304 | 0.05392947 | 0.10157650 | 0.04561987 | 0.17806926 | 0.14834237 | 0.03768619 |\n",
       "| 0.16118374 | 0.08547227 | 0.08586191 | 0.07410910 | 0.06602802 | 0.11727701 | 0.05245351 | 0.20032808 | 0.11286487 | 0.04442149 |\n",
       "| 0.07131161 | 0.04254378 | 0.46757516 | 0.06988410 | 0.01871039 | 0.15717928 | 0.02179043 | 0.04669113 | 0.07363549 | 0.03067863 |\n",
       "| 0.13662693 | 0.06125236 | 0.15178512 | 0.04549716 | 0.06974308 | 0.09568217 | 0.17462534 | 0.10080448 | 0.07319565 | 0.09078770 |\n",
       "| 0.21467092 | 0.10080045 | 0.09981718 | 0.03852222 | 0.06227245 | 0.07843174 | 0.15338157 | 0.10425239 | 0.07492128 | 0.07292980 |\n",
       "| 0.20431061 | 0.15422086 | 0.09665898 | 0.08321492 | 0.07565891 | 0.01929881 | 0.06705371 | 0.21229171 | 0.04438329 | 0.04290819 |\n",
       "| 0.19265502 | 0.14802464 | 0.03242083 | 0.13356766 | 0.07882806 | 0.03060345 | 0.08416125 | 0.17993828 | 0.07373723 | 0.04606358 |\n",
       "| 0.10454458 | 0.09401410 | 0.10436704 | 0.05660986 | 0.04942529 | 0.12042658 | 0.26194000 | 0.06934248 | 0.07096980 | 0.06836027 |\n",
       "| 0.04418689 | 0.06750629 | 0.14502620 | 0.01888469 | 0.01543978 | 0.08849898 | 0.52027914 | 0.02210730 | 0.02496055 | 0.05311019 |\n",
       "| 0.10064703 | 0.30007592 | 0.10770954 | 0.02931913 | 0.02049879 | 0.07588777 | 0.03858630 | 0.02646672 | 0.25267530 | 0.04813350 |\n",
       "| 0.21679839 | 0.28733151 | 0.06658230 | 0.04128069 | 0.03232715 | 0.06784421 | 0.08566736 | 0.07784235 | 0.09120055 | 0.03312550 |\n",
       "| 0.19041821 | 0.06872299 | 0.23538910 | 0.04864235 | 0.08784132 | 0.09186169 | 0.03749704 | 0.05228111 | 0.15054115 | 0.03680504 |\n",
       "| 0.14862052 | 0.08214404 | 0.05085178 | 0.06211369 | 0.11106016 | 0.05432839 | 0.02435863 | 0.09927789 | 0.29347288 | 0.07377202 |\n",
       "| 0.04392106 | 0.02741280 | 0.04434077 | 0.37997789 | 0.10038564 | 0.13909244 | 0.02194908 | 0.06715049 | 0.11948990 | 0.05627994 |\n",
       "| 0.05133721 | 0.02672810 | 0.03593908 | 0.05835793 | 0.23416224 | 0.05247365 | 0.33994319 | 0.07912455 | 0.03356081 | 0.08837325 |\n",
       "| 0.08979448 | 0.03886059 | 0.07142543 | 0.05601882 | 0.23092353 | 0.14890262 | 0.12845615 | 0.06158441 | 0.08759258 | 0.08644139 |\n",
       "| 0.03489018 | 0.01689911 | 0.02760541 | 0.14082366 | 0.35347108 | 0.08335775 | 0.19248366 | 0.04322805 | 0.07272337 | 0.03451771 |\n",
       "| 0.14007598 | 0.08043640 | 0.08222199 | 0.08888058 | 0.08660151 | 0.15309326 | 0.04597897 | 0.08924460 | 0.18221000 | 0.05125670 |\n",
       "\n"
      ],
      "text/plain": [
       "      [,1]       [,2]        [,3]       [,4]        [,5]       [,6]      \n",
       " [1,] 0.05641055 0.031856272 0.06433951 0.119679897 0.06601688 0.42351853\n",
       " [2,] 0.21669677 0.062705329 0.10345370 0.035561360 0.03156800 0.06631406\n",
       " [3,] 0.15099250 0.104656977 0.12411151 0.021223168 0.01979318 0.04916968\n",
       " [4,] 0.12873656 0.055819380 0.03667513 0.018143953 0.06255932 0.04883275\n",
       " [5,] 0.32025060 0.250503345 0.04530995 0.038447990 0.04276151 0.07564658\n",
       " [6,] 0.24096126 0.452480848 0.04635492 0.021738191 0.02135458 0.03979923\n",
       " [7,] 0.14210730 0.079668625 0.09171673 0.093782712 0.07604547 0.13517810\n",
       " [8,] 0.04148558 0.248279285 0.23185267 0.037839732 0.09607037 0.02673232\n",
       " [9,] 0.13094046 0.404012912 0.03317774 0.040162843 0.03902153 0.03533876\n",
       "[10,] 0.17480485 0.560394294 0.01589830 0.008256733 0.04811378 0.02142900\n",
       "[11,] 0.07209554 0.638685760 0.02484016 0.070588997 0.02098372 0.04181839\n",
       "[12,] 0.07600807 0.040424621 0.08217459 0.307034359 0.05546215 0.18769219\n",
       "[13,] 0.22970896 0.064398339 0.10993282 0.159096166 0.04298655 0.12811741\n",
       "[14,] 0.50117499 0.103400859 0.06039412 0.017391527 0.01769764 0.03874586\n",
       "[15,] 0.40596976 0.019854004 0.08806006 0.045437815 0.04167656 0.08130160\n",
       "[16,] 0.38684078 0.023608147 0.08841026 0.048590094 0.02892057 0.10559596\n",
       "[17,] 0.29275455 0.067493608 0.17794591 0.047697241 0.03015406 0.12893971\n",
       "[18,] 0.12778172 0.076323995 0.08578157 0.074098227 0.09320526 0.21976987\n",
       "[19,] 0.21736305 0.107861231 0.08197286 0.074878940 0.06819212 0.11854083\n",
       "[20,] 0.17181831 0.089430870 0.08462450 0.075539385 0.07973391 0.12262434\n",
       "[21,] 0.10828215 0.046309777 0.05250232 0.054265593 0.28118500 0.10781302\n",
       "[22,] 0.27834375 0.036296294 0.05620322 0.072481372 0.02745027 0.05955320\n",
       "[23,] 0.18109346 0.086361653 0.08227841 0.065756365 0.05997867 0.10652241\n",
